
#
#Feature symbol names
#
$0 r5.905
$1 r3.937
$2 r1.968
$3 r0.787
$4 r1.181

#
#Layer features
#
L 1.1582678 2.6679507 1.1582678 2.8443287 0 P 16
L 1.1582678 2.6679507 1.3334647 2.6679507 0 P 16
L 1.1582678 2.8254309 1.1582678 3.0018089 0 P 16
L 1.1582678 2.8254309 1.3334647 2.8254309 0 P 16
L 1.1582678 2.8443287 1.3334647 2.8443287 0 P 16
L 1.1582678 2.9829112 1.1582678 3.1592892 0 P 16
L 1.1582678 2.9829112 1.3334647 2.9829112 0 P 16
L 1.1582678 3.0018089 1.3334647 3.0018089 0 P 16
L 1.1582678 3.1403914 1.1582678 3.3167694 0 P 16
L 1.1582678 3.1403914 1.3334647 3.1403914 0 P 16
L 1.1582678 3.1592892 1.3334647 3.1592892 0 P 16
L 1.1582678 3.3167694 1.3334647 3.3167694 0 P 16
L 1.2283466 2.7561397 1.2637796000 2.7561397 0 P 16
L 1.2283466 2.9136199000 1.2637796000 2.9136199000 0 P 16
L 1.2283466 3.0711002 1.2637796000 3.0711002 0 P 16
L 1.2283466 3.2285804000 1.2637796000 3.2285804000 0 P 16
L 1.2460631 2.7384232 1.2460631 2.7738562 0 P 16
L 1.2460631 2.8959034 1.2460631 2.9313364 0 P 16
L 1.2460631 3.0533837 1.2460631 3.0888167 0 P 16
L 1.2460631 3.2108639000 1.2460631 3.2462969 0 P 16
L 1.3334647 2.6679507 1.3334647 2.8443287 0 P 16
L 1.3334647 2.8254309 1.3334647 3.0018089 0 P 16
L 1.3334647 2.9829112 1.3334647 3.1592892 0 P 16
L 1.3334647 3.1403914 1.3334647 3.3167694 0 P 16
L 1.3976378 3.355642 1.4009176 3.3523622 1 P 13
L 1.3976378 3.3720408 1.3976378 3.355642 1 P 13
L 1.4009176 3.3523622 1.4074771 3.3523622 1 P 13
L 1.4074771 3.3523622 1.4107569000 3.355642 1 P 13
L 1.4107569000 3.355642 1.4107569000 3.3720408 1 P 13
L 1.4173164 3.3523622 1.4304355 3.3654813 1 P 13
L 1.4205962 3.3720408 1.4173164 3.3687611 1 P 13
L 1.4271557 3.3720408 1.4205962 3.3720408 1 P 13
L 1.4304355 3.3523622 1.4173164 3.3523622 1 P 13
L 1.4304355 3.3654813 1.4304355 3.3687611 1 P 13
L 1.4304355 3.3687611 1.4271557 3.3720408 1 P 13
L 1.4369950000 3.355642 1.4369950000 3.3687611 1 P 13
L 1.4369950000 3.3687611 1.4402748 3.3720408 1 P 13
L 1.4402748 3.3523622 1.4369950000 3.355642 1 P 13
L 1.4402748 3.3720408 1.4468343000 3.3720408 1 P 13
L 1.4468343000 3.3523622 1.4402748 3.3523622 1 P 13
L 1.4468343000 3.3720408 1.4501141000 3.3687611 1 P 13
L 1.4501141000 3.355642 1.4468343000 3.3523622 1 P 13
L 1.4501141000 3.3687611 1.4501141000 3.355642 1 P 13
L 1.4566736 3.355642 1.4566736 3.3687611 1 P 13
L 1.4566736 3.3687611 1.4599534 3.3720408 1 P 13
L 1.4599534 3.3523622 1.4566736 3.355642 1 P 13
L 1.4599534 3.3720408 1.4665129000 3.3720408 1 P 13
L 1.4665129000 3.3523622 1.4599534 3.3523622 1 P 13
L 1.4665129000 3.3720408 1.4697927 3.3687611 1 P 13
L 1.4697927 3.355642 1.4665129000 3.3523622 1 P 13
L 1.4697927 3.3687611 1.4697927 3.355642 1 P 13
L 1.4822834 3.3425197 1.4822834 3.4212599 2 P 18
L 1.4822834 3.3425197 1.6161417000 3.3425197 2 P 18
L 1.4822834 3.4212599 1.6161417000 3.4212599 2 P 18
L 1.4890407 3.2421261 1.4890407 3.3425198 2 P 18
L 1.4890407 3.2421261 1.6150249 3.2421261 2 P 18
L 1.4890407 3.3425198 1.6150249 3.3425198 2 P 18
L 1.491732 2.9057088 1.491732 2.9505906 1 P 13
L 1.491732 2.9057088 1.5161414 2.9057088 1 P 13
L 1.491732 2.9490159 1.491732 2.9938977000 1 P 13
L 1.491732 2.9490159 1.5161414 2.9490159 1 P 13
L 1.491732 2.9505906 1.5161414 2.9505906 1 P 13
L 1.491732 2.9923229 1.491732 3.0372047 1 P 13
L 1.491732 2.9923229 1.5161414 2.9923229 1 P 13
L 1.491732 2.9938977000 1.5161414 2.9938977000 1 P 13
L 1.491732 3.0366143 1.491732 3.0814961 1 P 13
L 1.491732 3.0366143 1.5161414 3.0366143 1 P 13
L 1.491732 3.0372047 1.5161414 3.0372047 1 P 13
L 1.491732 3.0814961 1.5161414 3.0814961 1 P 13
L 1.5161414 2.9057088 1.5161414 2.9505906 1 P 13
L 1.5161414 2.9490159 1.5161414 2.9938977000 1 P 13
L 1.5161414 2.9923229 1.5161414 3.0372047 1 P 13
L 1.5161414 3.0366143 1.5161414 3.0814961 1 P 13
L 1.5244737 3.2913387 1.5795919 3.2913387 2 P 18
L 1.5295275 3.3818898 1.5688976000 3.3818898 1 P 13
L 1.5492126 3.3622048 1.5492126 3.4015748 1 P 13
L 1.5520328000 3.2637796 1.5520328000 3.3188978000 2 P 18
L 1.5531494 2.9311024 1.5531494 3.0570866 1 P 13
L 1.5531494 2.9311024 1.6830706000 2.9311024 1 P 13
L 1.5531494 3.0570866 1.6830706000 3.0570866 1 P 13
L 1.5531496 3.0603674 1.5531496 3.1076115 2 P 18
L 1.5531496 3.0603674 1.6358268 3.0603674 2 P 18
L 1.5531496 3.1076115 1.6358268 3.1076115 2 P 18
L 1.5836614 3.0839894 1.605315 3.0839894 1 P 13
L 1.5944882 3.0731627 1.5944882 3.0948162 1 P 13
L 1.606299 2.9940945 1.629921 2.9940945 1 P 13
L 1.6150249 3.2421261 1.6150249 3.3425198 2 P 18
L 1.6161417000 3.3425197 1.6161417000 3.4212599 2 P 18
L 1.6173226 3.2106299 1.6173226 3.3444882000 2 P 18
L 1.6173226 3.2106299 1.6960628 3.2106299 2 P 18
L 1.6173226 3.3444882000 1.6960628 3.3444882000 2 P 18
L 1.61811 2.9822835 1.61811 3.0059055 1 P 13
L 1.633543 3.4460235 1.633543 3.6113779 2 P 18
L 1.633543 3.4460235 1.8815745 3.4460235 2 P 18
L 1.633543 3.6113779 1.8815745 3.6113779 2 P 18
L 1.6358268 3.0603674 1.6358268 3.1076115 2 P 18
L 1.6370077000 3.2775591 1.6763777 3.2775591 1 P 13
L 1.6566927 3.2578740000 1.6566927 3.2972441 1 P 13
L 1.6830706000 2.9311024 1.6830706000 3.0570866 1 P 13
L 1.690551 2.9391733 1.690551 2.9840551 1 P 13
L 1.690551 2.9391733 1.7149604 2.9391733 1 P 13
L 1.690551 2.9840551 1.7149604 2.9840551 1 P 13
L 1.6960628 3.2106299 1.6960628 3.3444882000 2 P 18
L 1.7011811000 3.1133858 1.7011811000 3.2885827 0 P 16
L 1.7011811000 3.1133858 1.8775591 3.1133858 0 P 16
L 1.7011811000 3.2885827 1.8775591 3.2885827 0 P 16
L 1.7059057 2.9986222000 1.7059057 3.0230316 1 P 13
L 1.7059057 2.9986222000 1.7507875 2.9986222000 1 P 13
L 1.7059057 3.0230316 1.7507875 3.0230316 1 P 13
L 1.7059057 3.0230515 1.7059057 3.0474609 1 P 13
L 1.7059057 3.0230515 1.7507875 3.0230515 1 P 13
L 1.7059057 3.0474609 1.7507875 3.0474609 1 P 13
L 1.7072218000 3.2992126 1.7072218000 3.3740157 1 P 13
L 1.7072218000 3.2992126 1.8647022 3.2992126 1 P 13
L 1.7072218000 3.3740157 1.8647022 3.3740157 1 P 13
L 1.7149604 2.9391733 1.7149604 2.9840551 1 P 13
L 1.7181100000 2.9391733 1.7181100000 2.9840551 1 P 13
L 1.7181100000 2.9391733 1.7425194 2.9391733 1 P 13
L 1.7181100000 2.9840551 1.7425194 2.9840551 1 P 13
L 1.7378737 3.5287007 1.7772438000 3.5287007 1 P 13
L 1.7392981 3.3740157 1.7392981 3.4527559 2 P 18
L 1.7392981 3.3740157 1.8731564 3.3740157 2 P 18
L 1.7392981 3.4527559 1.8731564 3.4527559 2 P 18
L 1.7425194 2.9391733 1.7425194 2.9840551 1 P 13
L 1.7507875 2.9986222000 1.7507875 3.0230316 1 P 13
L 1.7507875 3.0230515 1.7507875 3.0474609 1 P 13
L 1.7543307 2.7409449 1.7543307 2.9161418 0 P 16
L 1.7543307 2.7409449 1.930708700 2.7409449 0 P 16
L 1.7543307 2.9161418 1.930708700 2.9161418 0 P 16
L 1.7575587 3.5090157 1.7575587 3.5483857 1 P 13
L 1.7657481000 2.9054198 1.7657481000 2.976286 2 P 18
L 1.7657481000 2.9054198 1.8011812 2.9054198 2 P 18
L 1.7657481000 2.976286 1.8011812 2.976286 2 P 18
L 1.766277 3.3366142 1.805647 3.3366142 1 P 13
L 1.7670472 3.0062598000 1.7670472 3.0390551 3 P 17
L 1.7670472 3.0062598000 1.8155905 3.0062598000 3 P 17
L 1.7670472 3.0390551 1.8155905 3.0390551 3 P 17
L 1.7687008 3.0885827 1.7687008 3.1240158000 2 P 18
L 1.7687008 3.0885827 1.839567 3.0885827 2 P 18
L 1.7687008 3.1240158000 1.839567 3.1240158000 2 P 18
L 1.7716536 3.2007874 1.8070866 3.2007874 0 P 16
L 1.7718504000 3.0557086 1.7718504000 3.080118 1 P 13
L 1.7718504000 3.0557086 1.8167322 3.0557086 1 P 13
L 1.7718504000 3.080118 1.8167322 3.080118 1 P 13
L 1.7726379 2.9408529 1.7942914 2.9408529 1 P 13
L 1.7834645 3.0226378 1.7992125 3.0226378 3 P 17
L 1.7834646 2.9300261 1.7834646 2.9516797 1 P 13
L 1.785962 3.3169291 1.785962 3.3562992 1 P 13
L 1.7864173 3.0413386 1.7864173 3.0531496000 2 P 18
L 1.7864173 3.0413386 1.8120079000 3.0413386 2 P 18
L 1.7864173 3.0531496000 1.8120079000 3.0531496000 2 P 18
L 1.7865422 3.4133858 1.8259123 3.4133858 1 P 13
L 1.7893701 3.1830709 1.7893701 3.2185039000 0 P 16
L 1.7913385 3.0147638 1.7913385 3.0305118 3 P 17
L 1.7933071 3.1062992 1.8149607 3.1062992 1 P 13
L 1.7952756 3.0472441 1.8031496 3.0472441 4 P 14
L 1.7992094 3.0433071000 1.7992094 3.0511811 4 P 14
L 1.8011812 2.9054198 1.8011812 2.976286 2 P 18
L 1.8041339 3.0954725 1.8041339 3.117126 1 P 13
L 1.8062272 3.3937008000 1.8062272 3.4330708 1 P 13
L 1.8120079000 3.0413386 1.8120079000 3.0531496000 2 P 18
L 1.8155905 3.0062598000 1.8155905 3.0390551 3 P 17
L 1.8167322 3.0557086 1.8167322 3.080118 1 P 13
L 1.8208662 3.0098425 1.8208662 3.0354331 2 P 18
L 1.8208662 3.0098425 1.8326772000 3.0098425 2 P 18
L 1.8208662 3.0354331 1.8326772000 3.0354331 2 P 18
L 1.8228347000 3.022641 1.8307087 3.022641 4 P 14
L 1.8248031 2.9054198 1.8248031 2.976286 2 P 18
L 1.8248031 2.9054198 1.8602362 2.9054198 2 P 18
L 1.8248031 2.976286 1.8602362 2.976286 2 P 18
L 1.8248032 2.8287402 1.8602362 2.8287402 0 P 16
L 1.8267717 3.0187008000 1.8267717 3.0265748 4 P 14
L 1.8267717 3.0875984 1.8267717 3.1584646 2 P 18
L 1.8267717 3.0875984 1.8622048 3.0875984 2 P 18
L 1.8267717 3.1584646 1.8622048 3.1584646 2 P 18
L 1.8316929 2.9408529 1.8533464 2.9408529 1 P 13
L 1.8326772000 3.0098425 1.8326772000 3.0354331 2 P 18
L 1.833661500 3.1230315 1.855315 3.1230315 1 P 13
L 1.8366142 3.0098425 1.8366142 3.0354331 2 P 18
L 1.8366142 3.0098425 1.8484252 3.0098425 2 P 18
L 1.8366142 3.0354331 1.8484252 3.0354331 2 P 18
L 1.8385827 3.022641 1.8464567 3.022641 4 P 14
L 1.839567 3.0885827 1.839567 3.1240158000 2 P 18
L 1.8425197 2.8110237000 1.8425197 2.8464567 0 P 16
L 1.8425197 2.9300261 1.8425197 2.9516797 1 P 13
L 1.8425197 3.0187008000 1.8425197 3.0265748 4 P 14
L 1.8444882 3.1122047 1.8444882 3.1338583 1 P 13
L 1.8484252 3.0098425 1.8484252 3.0354331 2 P 18
L 1.8566142 3.1133858 1.8566142 3.2885827 0 P 16
L 1.8566142 3.1133858 2.0329922000 3.1133858 0 P 16
L 1.8566142 3.2885827 2.0329922000 3.2885827 0 P 16
L 1.8602362 2.9054198 1.8602362 2.976286 2 P 18
L 1.861142 3.0698 1.861142 3.1406662 2 P 18
L 1.861142 3.0698 1.8965751000 3.0698 2 P 18
L 1.861142 3.1406662 1.8965751000 3.1406662 2 P 18
L 1.8622048 3.0875984 1.8622048 3.1584646 2 P 18
L 1.8647022 3.2992126 1.8647022 3.3740157 1 P 13
L 1.8680318 3.1052331 1.8896853 3.1052331 1 P 13
L 1.8731564 3.3740157 1.8731564 3.4527559 2 P 18
L 1.8775591 3.1133858 1.8775591 3.2885827 0 P 16
L 1.8788585 3.0944063 1.8788585 3.1160599 1 P 13
L 1.8815745 3.4460235 1.8815745 3.6113779 2 P 18
L 1.8956692 3.5218109 1.8956692 3.6950392 2 P 18
L 1.8956692 3.5218109 1.9822834 3.5218109 2 P 18
L 1.8956692 3.6950392 1.9822834 3.6950392 2 P 18
L 1.8956693 3.0698 1.8956693 3.1406662 2 P 18
L 1.8956693 3.0698 1.9311024 3.0698 2 P 18
L 1.8956693 3.1406662 1.9311024 3.1406662 2 P 18
L 1.8965751000 3.0698 1.8965751000 3.1406662 2 P 18
L 1.9025591 3.1052331 1.9242126 3.1052331 1 P 13
L 1.9133858000 3.0944063 1.9133858000 3.1160599 1 P 13
L 1.9182963 3.02273 1.9182963 3.0778481 2 P 18
L 1.9182963 3.02273 2.0206585 3.02273 2 P 18
L 1.9182963 3.0778481 2.0206585 3.0778481 2 P 18
L 1.9192913 3.608425 1.9586614 3.608425 1 P 13
L 1.9270867 3.2007874 1.9625197 3.2007874 0 P 16
L 1.930708700 2.7409449 1.930708700 2.9161418 0 P 16
L 1.9311024 3.0698 1.9311024 3.1406662 2 P 18
L 1.9379133 2.9776116 1.9379133 3.0150132 2 P 18
L 1.9379133 2.9776116 1.9615353 2.9776116 2 P 18
L 1.9379133 3.0150132 1.9615353 3.0150132 2 P 18
L 1.9389763 3.5887400000 1.9389763 3.6281101000 1 P 13
L 1.9446062 2.9963124 1.9548424 2.9963124 4 P 14
L 1.9448032 3.1830709 1.9448032 3.2185039000 0 P 16
L 1.9497243 2.9911943 1.9497243 3.0014305 4 P 14
L 1.9517608 3.0502891 1.9871939 3.0502891 1 P 13
L 1.9615353 2.9776116 1.9615353 3.0150132 2 P 18
L 1.9668503 2.8177164000 1.9668503 2.9929133 0 P 16
L 1.9668503 2.8177164000 2.1432283 2.8177164000 0 P 16
L 1.9668503 2.9929133 2.1432283 2.9929133 0 P 16
L 1.9694094 2.9776116 1.9694094 3.0150132 2 P 18
L 1.9694094 2.9776116 1.9930314000 2.9776116 2 P 18
L 1.9694094 3.0150132 1.9930314000 3.0150132 2 P 18
L 1.9694774 3.0325725 1.9694774 3.0680056000 1 P 13
L 1.9761023 2.9963124 1.9863385 2.9963124 4 P 14
L 1.9812204 2.9911943 1.9812204 3.0014305 4 P 14
L 1.9822834 3.5218109 1.9822834 3.6950392 2 P 18
L 1.9930314000 2.9776116 1.9930314000 3.0150132 2 P 18
L 2.0009054 2.9776116 2.0009054 3.0150132 2 P 18
L 2.0009054 2.9776116 2.0245274 2.9776116 2 P 18
L 2.0009054 3.0150132 2.0245274 3.0150132 2 P 18
L 2.0075983 2.9963124 2.0178345 2.9963124 4 P 14
L 2.0127164 2.9911943 2.0127164 3.0014305 4 P 14
L 2.0206585 3.02273 2.0206585 3.0778481 2 P 18
L 2.0245274 2.9776116 2.0245274 3.0150132 2 P 18
L 2.0329922000 3.1133858 2.0329922000 3.2885827 0 P 16
L 2.0373228 2.9055117000 2.0727558 2.9055117000 0 P 16
L 2.0374015 2.9970472000 2.0374015 3.0679134 2 P 18
L 2.0374015 2.9970472000 2.0728346 2.9970472000 2 P 18
L 2.0374015 3.0679134 2.0728346 3.0679134 2 P 18
L 2.044291300 3.0324803000 2.0659448 3.0324803000 1 P 13
L 2.0550393000 2.8877952000 2.0550393000 2.9232282 0 P 16
L 2.0551181 3.0216535000 2.0551181 3.0433071000 1 P 13
L 2.0728346 2.9970472000 2.0728346 3.0679134 2 P 18
L 2.0728346 2.9972046 2.0728346 3.0680708 2 P 18
L 2.0728346 2.9972046 2.108267700 2.9972046 2 P 18
L 2.0728346 3.0680708 2.108267700 3.0680708 2 P 18
L 2.0797244 3.0326377 2.1013779 3.0326377 1 P 13
L 2.0905512 3.0218109 2.0905512 3.0434645 1 P 13
L 2.108267700 2.9972046 2.108267700 3.0680708 2 P 18
L 2.1432283 2.8177164000 2.1432283 2.9929133 0 P 16
